time	V(n001)	V(n003)
0.000000000000000e+00	0.000000e+00	0.000000e+00
3.564745501030660e-11	1.782373e-01	-5.534299e-11
7.129491002061321e-11	3.564745e-01	2.759554e-11
1.069423650309198e-10	5.347118e-01	2.488156e-10
1.425898200412264e-10	7.129491e-01	6.083171e-10
1.782372750515330e-10	8.911863e-01	1.106100e-09
2.138847300618396e-10	1.069424e+00	1.742165e-09
2.495321850721462e-10	1.247661e+00	2.516511e-09
4.895331211177496e-10	2.447666e+00	1.085775e-08
5.199981279087929e-10	2.599991e+00	1.258013e-08
5.809281414908795e-10	2.904641e+00	1.767140e-08
7.027881686550526e-10	3.513941e+00	3.035305e-08
7.562799456716538e-10	3.781400e+00	3.751490e-08
8.632634997048560e-10	4.316318e+00	5.621887e-08
1.000000000000000e-09	5.000000e+00	8.450243e-08
1.700012391310750e-08	5.000000e+00	8.738503e-05
3.300024782621501e-08	5.000000e+00	3.269870e-04
4.900037173932251e-08	5.000000e+00	7.188905e-04
6.500049565243001e-08	5.000000e+00	1.263095e-03
8.100061956553751e-08	5.000000e+00	1.959602e-03
9.700074347864501e-08	5.000000e+00	2.808410e-03
1.130008673917525e-07	5.000000e+00	3.809519e-03
2.250154084335345e-07	5.000000e+00	1.465864e-02
4.490444905170985e-07	5.000000e+00	5.231965e-02
7.684025009318232e-07	5.000000e+00	1.369427e-01
1.249597809628184e-06	5.000000e+00	3.181044e-01
1.883753106150533e-06	5.000000e+00	6.235850e-01
2.760769939494587e-06	5.000000e+00	1.112597e+00
3.737332439494587e-06	5.000000e+00	1.685337e+00
4.713894939494587e-06	5.000000e+00	2.242105e+00
5.690457439494587e-06	5.000000e+00	2.750864e+00
6.667019939494587e-06	5.000000e+00	3.196131e+00
7.643582439494588e-06	5.000000e+00	3.573910e+00
8.620144939494589e-06	5.000000e+00	3.886871e+00
9.596707439494590e-06	5.000000e+00	4.141191e+00
1.057326993949459e-05	5.000000e+00	4.344544e+00
1.154983243949459e-05	5.000000e+00	4.504882e+00
1.252639493949459e-05	5.000000e+00	4.629733e+00
1.350295743949459e-05	5.000000e+00	4.725844e+00
1.447951993949459e-05	5.000000e+00	4.799045e+00
1.545608243949459e-05	5.000000e+00	4.854227e+00
1.643264493949460e-05	5.000000e+00	4.895412e+00
1.740920743949460e-05	5.000000e+00	4.925846e+00
1.838576993949460e-05	5.000000e+00	4.948108e+00
1.936233243949460e-05	5.000000e+00	4.964223e+00
2.033889493949460e-05	5.000000e+00	4.975758e+00
2.131545743949460e-05	5.000000e+00	4.983916e+00
2.229201993949460e-05	5.000000e+00	4.989609e+00
2.326858243949460e-05	5.000000e+00	4.993521e+00
2.424514493949460e-05	5.000000e+00	4.996161e+00
2.522170743949460e-05	5.000000e+00	4.997905e+00
2.619826993949460e-05	5.000000e+00	4.999025e+00
2.717483243949461e-05	5.000000e+00	4.999717e+00
2.815139493949461e-05	5.000000e+00	5.000121e+00
2.912795743949461e-05	5.000000e+00	5.000340e+00
2.997181353505626e-05	5.000000e+00	5.000432e+00
3.059609760937860e-05	5.000000e+00	5.000458e+00
3.109320229092373e-05	5.000000e+00	5.000460e+00
3.155055436917930e-05	5.000000e+00	5.000451e+00
3.236990507098596e-05	5.000000e+00	5.000421e+00
3.323540952748818e-05	5.000000e+00	5.000379e+00
3.421197202748818e-05	5.000000e+00	5.000326e+00
3.518853452748818e-05	5.000000e+00	5.000274e+00
3.616509702748818e-05	5.000000e+00	5.000225e+00
3.909478452748818e-05	5.000000e+00	5.000113e+00
4.007134702748818e-05	5.000000e+00	5.000087e+00
4.104790952748818e-05	5.000000e+00	5.000067e+00
4.202447202748818e-05	5.000000e+00	5.000051e+00
4.300103452748819e-05	5.000000e+00	5.000038e+00
4.397759702748819e-05	5.000000e+00	5.000028e+00
4.495415952748819e-05	5.000000e+00	5.000021e+00
4.593072202748819e-05	5.000000e+00	5.000015e+00
4.690728452748819e-05	5.000000e+00	5.000011e+00
4.788384702748819e-05	5.000000e+00	5.000008e+00
4.983697202748819e-05	5.000000e+00	5.000004e+00
5.276665952748819e-05	5.000000e+00	5.000001e+00
5.491518574647315e-05	5.000000e+00	5.000001e+00
5.706371196545810e-05	5.000000e+00	5.000000e+00
5.921223818444306e-05	5.000000e+00	5.000000e+00
6.136076440342802e-05	5.000000e+00	5.000000e+00
6.350929062241298e-05	5.000000e+00	5.000000e+00
6.565781684139793e-05	5.000000e+00	5.000000e+00
6.780634306038288e-05	5.000000e+00	5.000000e+00
1.000010000000000e-04	5.000000e+00	5.000000e+00
1.000010459130603e-04	4.770435e+00	5.000000e+00
1.000010918261205e-04	4.540869e+00	5.000000e+00
1.000011377391807e-04	4.311304e+00	5.000000e+00
1.000011836522410e-04	4.081739e+00	5.000000e+00
1.000012295653013e-04	3.852173e+00	5.000000e+00
1.000012754783615e-04	3.622608e+00	5.000000e+00
1.000013213914217e-04	3.393043e+00	5.000000e+00
1.000016294124941e-04	1.852938e+00	5.000000e+00
1.000020000000000e-04	0.000000e+00	5.000000e+00
1.000453640322925e-04	0.000000e+00	4.999341e+00
1.000887280645850e-04	0.000000e+00	4.997652e+00
1.001320920968775e-04	0.000000e+00	4.994934e+00
1.001754561291700e-04	0.000000e+00	4.991186e+00
1.002188201614625e-04	0.000000e+00	4.986410e+00
1.002621841937550e-04	0.000000e+00	4.980603e+00
1.003055482260475e-04	0.000000e+00	4.973768e+00
1.006091335108456e-04	0.000000e+00	4.904458e+00
1.012163040804418e-04	0.000000e+00	4.684416e+00
1.021768781350427e-04	0.000000e+00	4.215658e+00
1.031534406350427e-04	0.000000e+00	3.661529e+00
1.041300031350427e-04	0.000000e+00	3.089154e+00
1.051065656350427e-04	0.000000e+00	2.547741e+00
1.060831281350427e-04	0.000000e+00	2.062725e+00
1.070596906350427e-04	0.000000e+00	1.644136e+00
1.080362531350427e-04	0.000000e+00	1.292733e+00
1.090128156350427e-04	0.000000e+00	1.004069e+00
1.099893781350427e-04	0.000000e+00	7.711335e-01
1.109659406350427e-04	0.000000e+00	5.859990e-01
1.119425031350427e-04	0.000000e+00	4.408035e-01
1.129190656350427e-04	0.000000e+00	3.282911e-01
1.138956281350427e-04	0.000000e+00	2.420672e-01
1.148721906350427e-04	0.000000e+00	1.766789e-01
1.158487531350427e-04	0.000000e+00	1.275907e-01
1.168253156350427e-04	0.000000e+00	9.110462e-02
1.178018781350427e-04	0.000000e+00	6.425561e-02
1.187784406350427e-04	0.000000e+00	4.469996e-02
1.197550031350427e-04	0.000000e+00	3.060864e-02
1.207315656350427e-04	0.000000e+00	2.057073e-02
1.217081281350427e-04	0.000000e+00	1.350957e-02
1.226846906350427e-04	0.000000e+00	8.611991e-03
1.236612531350427e-04	0.000000e+00	5.269973e-03
1.246378156350427e-04	0.000000e+00	3.033377e-03
1.256143781350427e-04	0.000000e+00	1.572308e-03
1.265909406350427e-04	0.000000e+00	6.292434e-04
1.273342430858396e-04	0.000000e+00	1.674525e-04
1.280129474182375e-04	0.000000e+00	-1.022931e-04
1.286923023331093e-04	0.000000e+00	-2.735971e-04
1.294676803182227e-04	0.000000e+00	-3.873308e-04
1.302609023771061e-04	0.000000e+00	-4.456436e-04
1.308022799556971e-04	0.000000e+00	-4.583861e-04
1.313877237606269e-04	0.000000e+00	-4.532547e-04
1.319808862753902e-04	0.000000e+00	-4.357627e-04
1.329009056692984e-04	0.000000e+00	-3.951826e-04
1.338474307020374e-04	0.000000e+00	-3.459406e-04
1.348239932020374e-04	0.000000e+00	-2.928708e-04
1.358005557020374e-04	0.000000e+00	-2.422291e-04
1.367771182020374e-04	0.000000e+00	-1.965783e-04
1.387302432020374e-04	0.000000e+00	-1.236681e-04
1.397068057020374e-04	0.000000e+00	-9.620926e-05
1.406833682020374e-04	0.000000e+00	-7.400094e-05
1.416599307020374e-04	0.000000e+00	-5.631524e-05
1.426364932020374e-04	0.000000e+00	-4.242059e-05
1.436130557020374e-04	0.000000e+00	-3.163638e-05
1.445896182020374e-04	0.000000e+00	-2.335959e-05
1.455661807020374e-04	0.000000e+00	-1.707393e-05
1.465427432020374e-04	0.000000e+00	-1.234865e-05
1.475193057020375e-04	0.000000e+00	-8.831634e-06
1.494724307020375e-04	0.000000e+00	-4.349587e-06
1.514255557020375e-04	0.000000e+00	-2.011955e-06
1.543552432020375e-04	0.000000e+00	-5.230762e-07
1.578959216943122e-04	0.000000e+00	-2.765194e-07
1.614366001865869e-04	0.000000e+00	-8.721062e-08
1.649772786788616e-04	0.000000e+00	4.485029e-08
1.685179571711363e-04	0.000000e+00	1.196633e-07
1.720586356634110e-04	0.000000e+00	1.372284e-07
1.755993141556857e-04	0.000000e+00	9.754555e-08
1.791399926479604e-04	0.000000e+00	6.148285e-10
2.000000000000000e-04	0.000000e+00	-1.150257e-12
2.000000459130634e-04	2.295653e-01	-1.320348e-10
2.000000918261269e-04	4.591306e-01	3.478947e-11
2.000001377391903e-04	6.886959e-01	4.993227e-10
2.000001836522537e-04	9.182613e-01	1.261565e-09
2.000002295653172e-04	1.147827e+00	2.321516e-09
2.000002754783806e-04	1.377392e+00	3.679176e-09
2.000003213914440e-04	1.606957e+00	5.334544e-09
2.000006294125378e-04	3.147063e+00	3.170848e-08
2.000010000000000e-04	5.000000e+00	8.708463e-08
2.000226793665383e-04	5.000000e+00	1.605006e-04
2.000443587330766e-04	5.000000e+00	5.957154e-04
2.000660380996149e-04	5.000000e+00	1.305732e-03
2.000877174661532e-04	5.000000e+00	2.290549e-03
2.001093968326915e-04	5.000000e+00	3.550168e-03
2.001310761992297e-04	5.000000e+00	5.084589e-03
2.001527555657680e-04	5.000000e+00	6.893810e-03
2.003045481902823e-04	5.000000e+00	2.566165e-02
2.005669407390370e-04	5.000000e+00	7.967671e-02
2.009471839705645e-04	5.000000e+00	1.976669e-01
2.014893423457917e-04	5.000000e+00	4.264717e-01
2.022148823385354e-04	5.000000e+00	8.024098e-01
2.031914448385354e-04	5.000000e+00	1.364542e+00
2.041680073385354e-04	5.000000e+00	1.934980e+00
2.051445698385354e-04	5.000000e+00	2.473570e+00
2.061211323385354e-04	5.000000e+00	2.955476e+00
2.070976948385354e-04	5.000000e+00	3.371020e+00
2.080742573385354e-04	5.000000e+00	3.719636e+00
2.090508198385354e-04	5.000000e+00	4.005857e+00
2.100273823385354e-04	5.000000e+00	4.236717e+00
2.110039448385354e-04	5.000000e+00	4.420132e+00
2.119805073385354e-04	5.000000e+00	4.563929e+00
2.129570698385354e-04	5.000000e+00	4.675322e+00
2.139336323385354e-04	5.000000e+00	4.760663e+00
2.149101948385354e-04	5.000000e+00	4.825364e+00
2.158867573385354e-04	5.000000e+00	4.873922e+00
2.168633198385354e-04	5.000000e+00	4.910005e+00
2.178398823385354e-04	5.000000e+00	4.936549e+00
2.188164448385354e-04	5.000000e+00	4.955878e+00
2.197930073385354e-04	5.000000e+00	4.969801e+00
2.207695698385354e-04	5.000000e+00	4.979716e+00
2.217461323385354e-04	5.000000e+00	4.986688e+00
2.227226948385354e-04	5.000000e+00	4.991522e+00
2.236992573385354e-04	5.000000e+00	4.994819e+00
2.246758198385354e-04	5.000000e+00	4.997024e+00
2.256523823385354e-04	5.000000e+00	4.998464e+00
2.266289448385354e-04	5.000000e+00	4.999374e+00
2.276055073385354e-04	5.000000e+00	4.999924e+00
2.285820698385354e-04	5.000000e+00	5.000236e+00
2.295586323385354e-04	5.000000e+00	5.000396e+00
2.302993251370220e-04	5.000000e+00	5.000450e+00
2.308043706864917e-04	5.000000e+00	5.000460e+00
2.314617512836591e-04	5.000000e+00	5.000453e+00
2.320612866925343e-04	5.000000e+00	5.000434e+00
2.330377994925990e-04	5.000000e+00	5.000389e+00
2.339729552422336e-04	5.000000e+00	5.000340e+00
2.349495177422336e-04	5.000000e+00	5.000286e+00
2.359260802422336e-04	5.000000e+00	5.000236e+00
2.388557677422336e-04	5.000000e+00	5.000120e+00
2.398323302422336e-04	5.000000e+00	5.000093e+00
2.408088927422336e-04	5.000000e+00	5.000072e+00
2.417854552422336e-04	5.000000e+00	5.000054e+00
2.427620177422336e-04	5.000000e+00	5.000041e+00
2.437385802422336e-04	5.000000e+00	5.000031e+00
2.447151427422336e-04	5.000000e+00	5.000022e+00
2.456917052422336e-04	5.000000e+00	5.000016e+00
2.466682677422336e-04	5.000000e+00	5.000012e+00
2.476448302422336e-04	5.000000e+00	5.000009e+00
2.495979552422336e-04	5.000000e+00	5.000004e+00
2.515510802422336e-04	5.000000e+00	5.000002e+00
2.532900040290816e-04	5.000000e+00	5.000001e+00
2.550289278159297e-04	5.000000e+00	5.000001e+00
2.567678516027777e-04	5.000000e+00	5.000000e+00
2.585067753896258e-04	5.000000e+00	5.000000e+00
2.602456991764738e-04	5.000000e+00	5.000000e+00
2.619846229633219e-04	5.000000e+00	5.000000e+00
2.637235467501699e-04	5.000000e+00	5.000000e+00
3.000010000000000e-04	5.000000e+00	5.000000e+00
3.000010459130602e-04	4.770435e+00	5.000000e+00
3.000010918261204e-04	4.540869e+00	5.000000e+00
3.000011377391807e-04	4.311304e+00	5.000000e+00
3.000011836522409e-04	4.081739e+00	5.000000e+00
3.000012295653011e-04	3.852173e+00	5.000000e+00
3.000012754783613e-04	3.622608e+00	5.000000e+00
3.000013213914215e-04	3.393043e+00	5.000000e+00
3.000016294124937e-04	1.852938e+00	5.000000e+00
3.000020000000000e-04	5.679901e-11	5.000000e+00
3.000453640323403e-04	1.977156e-11	4.999341e+00
3.000887280646807e-04	-7.618115e-12	4.997652e+00
3.001320920970210e-04	-2.537003e-11	4.994934e+00
3.001754561293614e-04	-3.348417e-11	4.991186e+00
3.002188201617017e-04	-3.196055e-11	4.986410e+00
3.002621841940421e-04	-2.079916e-11	4.980603e+00
3.003055482263824e-04	0.000000e+00	4.973768e+00
3.006091335115153e-04	0.000000e+00	4.904458e+00
3.012163040817813e-04	0.000000e+00	4.684416e+00
3.021768781363202e-04	0.000000e+00	4.215658e+00
3.031534406363202e-04	0.000000e+00	3.661529e+00
3.041300031363202e-04	0.000000e+00	3.089154e+00
3.051065656363202e-04	0.000000e+00	2.547741e+00
3.060831281363202e-04	0.000000e+00	2.062725e+00
3.070596906363202e-04	0.000000e+00	1.644136e+00
3.080362531363202e-04	0.000000e+00	1.292733e+00
3.090128156363202e-04	0.000000e+00	1.004069e+00
3.099893781363202e-04	0.000000e+00	7.711335e-01
3.109659406363202e-04	0.000000e+00	5.859990e-01
3.119425031363202e-04	0.000000e+00	4.408035e-01
3.129190656363202e-04	0.000000e+00	3.282911e-01
3.138956281363202e-04	0.000000e+00	2.420672e-01
3.148721906363202e-04	0.000000e+00	1.766789e-01
3.158487531363202e-04	0.000000e+00	1.275907e-01
3.168253156363202e-04	0.000000e+00	9.110462e-02
3.178018781363202e-04	0.000000e+00	6.425561e-02
3.187784406363202e-04	0.000000e+00	4.469996e-02
3.197550031363202e-04	0.000000e+00	3.060864e-02
3.207315656363202e-04	0.000000e+00	2.057073e-02
3.217081281363202e-04	0.000000e+00	1.350957e-02
3.226846906363202e-04	0.000000e+00	8.611991e-03
3.236612531363202e-04	0.000000e+00	5.269973e-03
3.246378156363202e-04	0.000000e+00	3.033377e-03
3.256143781363202e-04	0.000000e+00	1.572308e-03
3.265909406363202e-04	0.000000e+00	6.292434e-04
3.273342430870366e-04	0.000000e+00	1.674525e-04
3.280129474193424e-04	0.000000e+00	-1.022931e-04
3.286923023341207e-04	0.000000e+00	-2.735971e-04
3.294676803197071e-04	0.000000e+00	-3.873308e-04
3.302609023782411e-04	0.000000e+00	-4.456436e-04
3.308022799562950e-04	0.000000e+00	-4.583861e-04
3.313877237615143e-04	0.000000e+00	-4.532547e-04
3.319808862765769e-04	0.000000e+00	-4.357627e-04
3.329009056708727e-04	0.000000e+00	-3.951826e-04
3.338474307037410e-04	0.000000e+00	-3.459406e-04
3.348239932037410e-04	0.000000e+00	-2.928708e-04
3.358005557037410e-04	0.000000e+00	-2.422291e-04
3.367771182037410e-04	0.000000e+00	-1.965783e-04
3.387302432037410e-04	0.000000e+00	-1.236681e-04
3.397068057037410e-04	0.000000e+00	-9.620926e-05
3.406833682037410e-04	0.000000e+00	-7.400094e-05
3.416599307037410e-04	0.000000e+00	-5.631524e-05
3.426364932037410e-04	0.000000e+00	-4.242059e-05
3.436130557037410e-04	0.000000e+00	-3.163638e-05
3.445896182037410e-04	0.000000e+00	-2.335959e-05
3.455661807037410e-04	0.000000e+00	-1.707393e-05
3.465427432037410e-04	0.000000e+00	-1.234865e-05
3.475193057037410e-04	0.000000e+00	-8.831634e-06
3.494724307037410e-04	0.000000e+00	-4.349587e-06
3.514255557037410e-04	0.000000e+00	-2.011955e-06
3.543552432037410e-04	0.000000e+00	-5.230762e-07
3.578959216961141e-04	0.000000e+00	-2.765194e-07
3.614366001884873e-04	0.000000e+00	-8.721062e-08
3.649772786808605e-04	0.000000e+00	4.485029e-08
3.685179571732336e-04	0.000000e+00	1.196633e-07
3.720586356656067e-04	0.000000e+00	1.372284e-07
3.755993141579799e-04	0.000000e+00	9.754555e-08
3.791399926503530e-04	0.000000e+00	6.148285e-10
4.000000000000000e-04	0.000000e+00	-1.150257e-12
4.000000459130636e-04	2.295653e-01	-1.320348e-10
4.000000918261272e-04	4.591306e-01	3.478947e-11
4.000001377391908e-04	6.886959e-01	4.993227e-10
4.000001836522544e-04	9.182613e-01	1.261565e-09
4.000002295653180e-04	1.147827e+00	2.321516e-09
4.000002754783816e-04	1.377392e+00	3.679176e-09
4.000003213914452e-04	1.606957e+00	5.334544e-09
4.000006294125402e-04	3.147063e+00	3.170848e-08
4.000010000000000e-04	5.000000e+00	8.708463e-08
4.000226793664020e-04	5.000000e+00	1.605006e-04
4.000443587328039e-04	5.000000e+00	5.957154e-04
4.000660380992058e-04	5.000000e+00	1.305732e-03
4.000877174656077e-04	5.000000e+00	2.290549e-03
4.001093968320097e-04	5.000000e+00	3.550168e-03
4.001310761984116e-04	5.000000e+00	5.084589e-03
4.001527555648135e-04	5.000000e+00	6.893810e-03
4.003045481883730e-04	5.000000e+00	2.566165e-02
4.005669407362974e-04	5.000000e+00	7.967671e-02
4.009471839664165e-04	5.000000e+00	1.976669e-01
4.014893423403092e-04	5.000000e+00	4.264717e-01
4.022148823309469e-04	5.000000e+00	8.024098e-01
4.031914448309469e-04	5.000000e+00	1.364542e+00
4.041680073309469e-04	5.000000e+00	1.934980e+00
4.051445698309469e-04	5.000000e+00	2.473569e+00
4.061211323309469e-04	5.000000e+00	2.955476e+00
4.070976948309469e-04	5.000000e+00	3.371020e+00
4.080742573309469e-04	5.000000e+00	3.719636e+00
4.090508198309469e-04	5.000000e+00	4.005857e+00
4.100273823309469e-04	5.000000e+00	4.236717e+00
4.110039448309469e-04	5.000000e+00	4.420132e+00
4.119805073309469e-04	5.000000e+00	4.563929e+00
4.129570698309469e-04	5.000000e+00	4.675322e+00
4.139336323309469e-04	5.000000e+00	4.760663e+00
4.149101948309469e-04	5.000000e+00	4.825364e+00
4.158867573309469e-04	5.000000e+00	4.873922e+00
4.168633198309469e-04	5.000000e+00	4.910005e+00
4.178398823309469e-04	5.000000e+00	4.936549e+00
4.188164448309469e-04	5.000000e+00	4.955878e+00
4.197930073309469e-04	5.000000e+00	4.969801e+00
4.207695698309470e-04	5.000000e+00	4.979716e+00
4.217461323309470e-04	5.000000e+00	4.986688e+00
4.227226948309470e-04	5.000000e+00	4.991522e+00
4.236992573309470e-04	5.000000e+00	4.994819e+00
4.246758198309470e-04	5.000000e+00	4.997024e+00
4.256523823309470e-04	5.000000e+00	4.998464e+00
4.266289448309470e-04	5.000000e+00	4.999374e+00
4.276055073309470e-04	5.000000e+00	4.999924e+00
4.285820698309470e-04	5.000000e+00	5.000236e+00
4.295586323309470e-04	5.000000e+00	5.000396e+00
4.302993251309582e-04	5.000000e+00	5.000450e+00
4.308043706829374e-04	5.000000e+00	5.000460e+00
4.314617512823107e-04	5.000000e+00	5.000453e+00
4.320612866893609e-04	5.000000e+00	5.000434e+00
4.330377994897722e-04	5.000000e+00	5.000389e+00
4.339729552378763e-04	5.000000e+00	5.000340e+00
4.349495177378763e-04	5.000000e+00	5.000286e+00
4.359260802378763e-04	5.000000e+00	5.000236e+00
4.388557677378764e-04	5.000000e+00	5.000120e+00
4.398323302378764e-04	5.000000e+00	5.000093e+00
4.408088927378764e-04	5.000000e+00	5.000072e+00
4.417854552378764e-04	5.000000e+00	5.000054e+00
4.427620177378764e-04	5.000000e+00	5.000041e+00
4.437385802378764e-04	5.000000e+00	5.000031e+00
4.447151427378764e-04	5.000000e+00	5.000022e+00
4.456917052378764e-04	5.000000e+00	5.000016e+00
4.466682677378764e-04	5.000000e+00	5.000012e+00
4.476448302378764e-04	5.000000e+00	5.000009e+00
4.495979552378764e-04	5.000000e+00	5.000004e+00
4.515510802378764e-04	5.000000e+00	5.000002e+00
4.532900039957474e-04	5.000000e+00	5.000001e+00
4.550289277536185e-04	5.000000e+00	5.000001e+00
4.567678515114895e-04	5.000000e+00	5.000000e+00
4.585067752693606e-04	5.000000e+00	5.000000e+00
4.602456990272316e-04	5.000000e+00	5.000000e+00
4.619846227851027e-04	5.000000e+00	5.000000e+00
4.637235465429737e-04	5.000000e+00	5.000000e+00
5.000010000000000e-04	5.000000e+00	5.000000e+00
5.000010459130604e-04	4.770435e+00	5.000000e+00
5.000010918261208e-04	4.540869e+00	5.000000e+00
5.000011377391812e-04	4.311304e+00	5.000000e+00
5.000011836522417e-04	4.081739e+00	5.000000e+00
5.000012295653020e-04	3.852173e+00	5.000000e+00
5.000012754783625e-04	3.622608e+00	5.000000e+00
5.000013213914228e-04	3.393043e+00	5.000000e+00
5.000016294124963e-04	1.852937e+00	5.000000e+00
5.000020000000000e-04	0.000000e+00	5.000000e+00
5.000453640320422e-04	0.000000e+00	4.999341e+00
5.000887280640845e-04	0.000000e+00	4.997652e+00
5.001320920961267e-04	0.000000e+00	4.994934e+00
5.001754561281688e-04	0.000000e+00	4.991186e+00
5.002188201602110e-04	0.000000e+00	4.986410e+00
5.002621841922533e-04	0.000000e+00	4.980603e+00
5.003055482242954e-04	0.000000e+00	4.973768e+00
5.006091335073412e-04	0.000000e+00	4.904458e+00
5.012163040734327e-04	0.000000e+00	4.684416e+00
5.021768781283576e-04	0.000000e+00	4.215658e+00
5.031534406283576e-04	0.000000e+00	3.661529e+00
5.041300031283576e-04	0.000000e+00	3.089154e+00
5.051065656283576e-04	0.000000e+00	2.547741e+00
5.060831281283576e-04	0.000000e+00	2.062725e+00
5.070596906283576e-04	0.000000e+00	1.644136e+00
5.080362531283576e-04	0.000000e+00	1.292733e+00
5.090128156283576e-04	0.000000e+00	1.004069e+00
5.099893781283576e-04	0.000000e+00	7.711335e-01
5.109659406283576e-04	0.000000e+00	5.859990e-01
5.119425031283576e-04	0.000000e+00	4.408035e-01
5.129190656283576e-04	0.000000e+00	3.282911e-01
5.138956281283576e-04	0.000000e+00	2.420672e-01
5.148721906283576e-04	0.000000e+00	1.766789e-01
5.158487531283576e-04	0.000000e+00	1.275907e-01
5.168253156283576e-04	0.000000e+00	9.110462e-02
5.178018781283576e-04	0.000000e+00	6.425561e-02
5.187784406283576e-04	0.000000e+00	4.469996e-02
5.197550031283576e-04	0.000000e+00	3.060864e-02
5.207315656283576e-04	0.000000e+00	2.057073e-02
5.217081281283576e-04	0.000000e+00	1.350957e-02
5.226846906283576e-04	0.000000e+00	8.611991e-03
5.236612531283576e-04	0.000000e+00	5.269973e-03
5.246378156283576e-04	0.000000e+00	3.033377e-03
5.256143781283576e-04	0.000000e+00	1.572308e-03
5.265909406283576e-04	0.000000e+00	6.292434e-04
5.273342430795759e-04	0.000000e+00	1.674525e-04
5.280129474124554e-04	0.000000e+00	-1.022931e-04
5.286923023278164e-04	0.000000e+00	-2.735971e-04
5.294676803104552e-04	0.000000e+00	-3.873308e-04
5.302609023711669e-04	0.000000e+00	-4.456436e-04
5.308022799525682e-04	0.000000e+00	-4.583861e-04
5.313877237559833e-04	0.000000e+00	-4.532547e-04
5.319808862691802e-04	0.000000e+00	-4.357627e-04
5.329009056610605e-04	0.000000e+00	-3.951826e-04
5.338474306931233e-04	0.000000e+00	-3.459406e-04
5.348239931931233e-04	0.000000e+00	-2.928708e-04
5.358005556931233e-04	0.000000e+00	-2.422291e-04
5.367771181931233e-04	0.000000e+00	-1.965783e-04
5.387302431931233e-04	0.000000e+00	-1.236681e-04
5.397068056931233e-04	0.000000e+00	-9.620926e-05
5.406833681931233e-04	0.000000e+00	-7.400094e-05
5.416599306931233e-04	0.000000e+00	-5.631524e-05
5.426364931931233e-04	0.000000e+00	-4.242059e-05
5.436130556931233e-04	0.000000e+00	-3.163638e-05
5.445896181931233e-04	0.000000e+00	-2.335959e-05
5.455661806931233e-04	0.000000e+00	-1.707393e-05
5.465427431931233e-04	0.000000e+00	-1.234865e-05
5.475193056931233e-04	0.000000e+00	-8.831634e-06
5.494724306931233e-04	0.000000e+00	-4.349587e-06
5.514255556931233e-04	0.000000e+00	-2.011955e-06
5.543552431931233e-04	0.000000e+00	-5.230762e-07
5.578959216848829e-04	0.000000e+00	-2.765194e-07
5.614366001766424e-04	0.000000e+00	-8.721062e-08
5.649772786684021e-04	0.000000e+00	4.485029e-08
5.685179571601617e-04	0.000000e+00	1.196633e-07
5.720586356519214e-04	0.000000e+00	1.372284e-07
5.755993141436809e-04	0.000000e+00	9.754555e-08
5.791399926354405e-04	0.000000e+00	6.148285e-10
6.000000000000001e-04	0.000000e+00	-1.150257e-12
6.000000459130409e-04	2.295652e-01	-1.320347e-10
6.000000918260816e-04	4.591304e-01	3.478940e-11
6.000001377391225e-04	6.886956e-01	4.993219e-10
6.000001836521632e-04	9.182608e-01	1.261563e-09
6.000002295652040e-04	1.147826e+00	2.321512e-09
6.000002754782448e-04	1.377391e+00	3.679170e-09
6.000003213912856e-04	1.606956e+00	5.334536e-09
6.000006294122274e-04	3.147061e+00	3.170845e-08
6.000010000000001e-04	5.000000e+00	8.708463e-08
6.000226793847035e-04	5.000000e+00	1.605008e-04
6.000443587694070e-04	5.000000e+00	5.957164e-04
6.000660381541104e-04	5.000000e+00	1.305734e-03
6.000877175388139e-04	5.000000e+00	2.290553e-03
6.001093969235173e-04	5.000000e+00	3.550174e-03
6.001310763082208e-04	5.000000e+00	5.084597e-03
6.001527556929242e-04	5.000000e+00	6.893822e-03
6.003045484446256e-04	5.000000e+00	2.566169e-02
6.005669411039853e-04	5.000000e+00	7.967681e-02
6.009471845231231e-04	5.000000e+00	1.976671e-01
6.014893430761209e-04	5.000000e+00	4.264721e-01
6.022148833494138e-04	5.000000e+00	8.024104e-01
6.031914458494138e-04	5.000000e+00	1.364543e+00
6.041680083494138e-04	5.000000e+00	1.934981e+00
6.051445708494138e-04	5.000000e+00	2.473570e+00
6.061211333494138e-04	5.000000e+00	2.955476e+00
6.070976958494138e-04	5.000000e+00	3.371020e+00
6.080742583494138e-04	5.000000e+00	3.719636e+00
6.090508208494138e-04	5.000000e+00	4.005857e+00
6.100273833494138e-04	5.000000e+00	4.236718e+00
6.110039458494138e-04	5.000000e+00	4.420132e+00
6.119805083494138e-04	5.000000e+00	4.563929e+00
6.129570708494138e-04	5.000000e+00	4.675322e+00
6.139336333494138e-04	5.000000e+00	4.760663e+00
6.149101958494138e-04	5.000000e+00	4.825364e+00
6.158867583494138e-04	5.000000e+00	4.873922e+00
6.168633208494138e-04	5.000000e+00	4.910005e+00
6.178398833494138e-04	5.000000e+00	4.936549e+00
6.188164458494138e-04	5.000000e+00	4.955878e+00
6.197930083494138e-04	5.000000e+00	4.969801e+00
6.207695708494138e-04	5.000000e+00	4.979716e+00
6.217461333494138e-04	5.000000e+00	4.986689e+00
6.227226958494138e-04	5.000000e+00	4.991522e+00
6.236992583494138e-04	5.000000e+00	4.994819e+00
6.246758208494138e-04	5.000000e+00	4.997024e+00
6.256523833494138e-04	5.000000e+00	4.998464e+00
6.266289458494138e-04	5.000000e+00	4.999374e+00
6.276055083494138e-04	5.000000e+00	4.999924e+00
6.285820708494138e-04	5.000000e+00	5.000236e+00
6.295586333494138e-04	5.000000e+00	5.000396e+00
6.302993259445976e-04	5.000000e+00	5.000450e+00
6.308043711597463e-04	5.000000e+00	5.000460e+00
6.314617514633859e-04	5.000000e+00	5.000453e+00
6.320612871153109e-04	5.000000e+00	5.000434e+00
6.330377998686003e-04	5.000000e+00	5.000389e+00
6.339729558189988e-04	5.000000e+00	5.000340e+00
6.349495183189988e-04	5.000000e+00	5.000286e+00
6.359260808189988e-04	5.000000e+00	5.000236e+00
6.388557683189988e-04	5.000000e+00	5.000120e+00
6.398323308189988e-04	5.000000e+00	5.000093e+00
6.408088933189988e-04	5.000000e+00	5.000072e+00
6.417854558189988e-04	5.000000e+00	5.000054e+00
6.427620183189988e-04	5.000000e+00	5.000041e+00
6.437385808189988e-04	5.000000e+00	5.000031e+00
6.447151433189988e-04	5.000000e+00	5.000022e+00
6.456917058189988e-04	5.000000e+00	5.000016e+00
6.466682683189988e-04	5.000000e+00	5.000012e+00
6.476448308189988e-04	5.000000e+00	5.000009e+00
6.495979558189988e-04	5.000000e+00	5.000004e+00
6.515510808189988e-04	5.000000e+00	5.000002e+00
6.532900045701719e-04	5.000000e+00	5.000001e+00
6.550289283213449e-04	5.000000e+00	5.000001e+00
6.567678520725180e-04	5.000000e+00	5.000000e+00
6.585067758236910e-04	5.000000e+00	5.000000e+00
6.602456995748640e-04	5.000000e+00	5.000000e+00
6.619846233260371e-04	5.000000e+00	5.000000e+00
6.637235470772101e-04	5.000000e+00	5.000000e+00
7.000010000000001e-04	5.000000e+00	5.000000e+00
7.000010459130632e-04	4.770435e+00	5.000000e+00
7.000010918261262e-04	4.540869e+00	5.000000e+00
7.000011377391893e-04	4.311304e+00	5.000000e+00
7.000011836522525e-04	4.081739e+00	5.000000e+00
7.000012295653156e-04	3.852173e+00	5.000000e+00
7.000012754783786e-04	3.622608e+00	5.000000e+00
7.000013213914417e-04	3.393043e+00	5.000000e+00
7.000016294125341e-04	1.852937e+00	5.000000e+00
7.000020000000001e-04	0.000000e+00	5.000000e+00
7.000453640276273e-04	0.000000e+00	4.999341e+00
7.000887280552546e-04	0.000000e+00	4.997652e+00
7.001320920828818e-04	0.000000e+00	4.994934e+00
7.001754561105090e-04	0.000000e+00	4.991186e+00
7.002188201381362e-04	0.000000e+00	4.986410e+00
7.002621841657635e-04	0.000000e+00	4.980603e+00
7.003055481933907e-04	0.000000e+00	4.973768e+00
7.006091334455278e-04	0.000000e+00	4.904458e+00
7.012163039498020e-04	0.000000e+00	4.684416e+00
7.021768780104419e-04	0.000000e+00	4.215658e+00
7.031534405104419e-04	0.000000e+00	3.661529e+00
7.041300030104419e-04	0.000000e+00	3.089154e+00
7.051065655104419e-04	0.000000e+00	2.547741e+00
7.060831280104419e-04	0.000000e+00	2.062725e+00
7.070596905104419e-04	0.000000e+00	1.644136e+00
7.080362530104419e-04	0.000000e+00	1.292733e+00
7.090128155104419e-04	0.000000e+00	1.004069e+00
7.099893780104419e-04	0.000000e+00	7.711335e-01
7.109659405104419e-04	0.000000e+00	5.859990e-01
7.119425030104419e-04	0.000000e+00	4.408036e-01
7.129190655104419e-04	0.000000e+00	3.282911e-01
7.138956280104419e-04	0.000000e+00	2.420672e-01
7.148721905104419e-04	0.000000e+00	1.766789e-01
7.158487530104419e-04	0.000000e+00	1.275907e-01
7.168253155104419e-04	0.000000e+00	9.110463e-02
7.178018780104419e-04	0.000000e+00	6.425561e-02
7.187784405104419e-04	0.000000e+00	4.469996e-02
7.197550030104419e-04	0.000000e+00	3.060864e-02
7.207315655104419e-04	0.000000e+00	2.057073e-02
7.217081280104419e-04	0.000000e+00	1.350957e-02
7.226846905104419e-04	0.000000e+00	8.611992e-03
7.236612530104419e-04	0.000000e+00	5.269973e-03
7.246378155104419e-04	0.000000e+00	3.033377e-03
7.256143780104419e-04	0.000000e+00	1.572308e-03
7.265909405104419e-04	0.000000e+00	6.292434e-04
7.273342429690921e-04	0.000000e+00	1.674526e-04
7.280129473104672e-04	0.000000e+00	-1.022931e-04
7.286923022344592e-04	0.000000e+00	-2.735971e-04
7.294676801734474e-04	0.000000e+00	-3.873308e-04
7.302609022664069e-04	0.000000e+00	-4.456436e-04
7.308022798973792e-04	0.000000e+00	-4.583861e-04
7.313877236740780e-04	0.000000e+00	-4.532547e-04
7.319808861596438e-04	0.000000e+00	-4.357627e-04
7.329009055157556e-04	0.000000e+00	-3.951826e-04
7.338474305358919e-04	0.000000e+00	-3.459406e-04
7.348239930358919e-04	0.000000e+00	-2.928708e-04
7.358005555358919e-04	0.000000e+00	-2.422291e-04
7.367771180358919e-04	0.000000e+00	-1.965783e-04
7.387302430358919e-04	0.000000e+00	-1.236681e-04
7.397068055358919e-04	0.000000e+00	-9.620927e-05
7.406833680358919e-04	0.000000e+00	-7.400095e-05
7.416599305358919e-04	0.000000e+00	-5.631524e-05
7.426364930358919e-04	0.000000e+00	-4.242059e-05
7.436130555358919e-04	0.000000e+00	-3.163638e-05
7.445896180358919e-04	0.000000e+00	-2.335959e-05
7.455661805358919e-04	0.000000e+00	-1.707394e-05
7.465427430358919e-04	0.000000e+00	-1.234865e-05
7.475193055358919e-04	0.000000e+00	-8.831635e-06
7.494724305358919e-04	0.000000e+00	-4.349587e-06
7.514255555358919e-04	0.000000e+00	-2.011956e-06
7.543552430358919e-04	0.000000e+00	-5.230762e-07
7.578959215185661e-04	0.000000e+00	-2.765195e-07
7.614366000012402e-04	0.000000e+00	-8.721063e-08
7.649772784839143e-04	0.000000e+00	4.485029e-08
7.685179569665885e-04	0.000000e+00	1.196633e-07
7.720586354492626e-04	0.000000e+00	1.372284e-07
7.755993139319367e-04	0.000000e+00	9.754556e-08
7.791399924146109e-04	0.000000e+00	6.148286e-10
8.000000000000000e-04	0.000000e+00	-1.150257e-12
8.000000459130409e-04	2.295652e-01	-1.320347e-10
8.000000918260816e-04	4.591304e-01	3.478940e-11
8.000001377391224e-04	6.886956e-01	4.993219e-10
8.000001836521632e-04	9.182608e-01	1.261563e-09
8.000002295652040e-04	1.147826e+00	2.321512e-09
8.000002754782447e-04	1.377391e+00	3.679170e-09
8.000003213912856e-04	1.606956e+00	5.334536e-09
8.000006294122273e-04	3.147061e+00	3.170845e-08
8.000010000000001e-04	5.000000e+00	8.708463e-08
8.000226793847035e-04	5.000000e+00	1.605008e-04
8.000443587694070e-04	5.000000e+00	5.957164e-04
8.000660381541104e-04	5.000000e+00	1.305734e-03
8.000877175388138e-04	5.000000e+00	2.290553e-03
8.001093969235173e-04	5.000000e+00	3.550174e-03
8.001310763082207e-04	5.000000e+00	5.084597e-03
8.001527556929242e-04	5.000000e+00	6.893822e-03
8.003045484446256e-04	5.000000e+00	2.566169e-02
8.005669411039853e-04	5.000000e+00	7.967681e-02
8.009471845231231e-04	5.000000e+00	1.976671e-01
8.014893430761209e-04	5.000000e+00	4.264721e-01
8.022148833494138e-04	5.000000e+00	8.024104e-01
8.031914458494138e-04	5.000000e+00	1.364543e+00
8.041680083494138e-04	5.000000e+00	1.934981e+00
8.051445708494138e-04	5.000000e+00	2.473570e+00
8.061211333494138e-04	5.000000e+00	2.955476e+00
8.070976958494138e-04	5.000000e+00	3.371020e+00
8.080742583494138e-04	5.000000e+00	3.719636e+00
8.090508208494138e-04	5.000000e+00	4.005857e+00
8.100273833494138e-04	5.000000e+00	4.236718e+00
8.110039458494138e-04	5.000000e+00	4.420132e+00
8.119805083494138e-04	5.000000e+00	4.563929e+00
8.129570708494138e-04	5.000000e+00	4.675322e+00
8.139336333494138e-04	5.000000e+00	4.760663e+00
8.149101958494138e-04	5.000000e+00	4.825364e+00
8.158867583494138e-04	5.000000e+00	4.873922e+00
8.168633208494138e-04	5.000000e+00	4.910005e+00
8.178398833494138e-04	5.000000e+00	4.936549e+00
8.188164458494138e-04	5.000000e+00	4.955878e+00
8.197930083494138e-04	5.000000e+00	4.969801e+00
8.207695708494138e-04	5.000000e+00	4.979716e+00
8.217461333494138e-04	5.000000e+00	4.986689e+00
8.227226958494138e-04	5.000000e+00	4.991522e+00
8.236992583494138e-04	5.000000e+00	4.994819e+00
8.246758208494138e-04	5.000000e+00	4.997024e+00
8.256523833494138e-04	5.000000e+00	4.998464e+00
8.266289458494138e-04	5.000000e+00	4.999374e+00
8.276055083494138e-04	5.000000e+00	4.999924e+00
8.285820708494138e-04	5.000000e+00	5.000236e+00
8.295586333494138e-04	5.000000e+00	5.000396e+00
8.302993259445967e-04	5.000000e+00	5.000450e+00
8.308043711597404e-04	5.000000e+00	5.000460e+00
8.314617514633758e-04	5.000000e+00	5.000453e+00
8.320612871153000e-04	5.000000e+00	5.000434e+00
8.330377998685808e-04	5.000000e+00	5.000389e+00
8.339729558190004e-04	5.000000e+00	5.000340e+00
8.349495183190004e-04	5.000000e+00	5.000286e+00
8.359260808190004e-04	5.000000e+00	5.000236e+00
8.388557683190004e-04	5.000000e+00	5.000120e+00
8.398323308190004e-04	5.000000e+00	5.000093e+00
8.408088933190004e-04	5.000000e+00	5.000072e+00
8.417854558190004e-04	5.000000e+00	5.000054e+00
8.427620183190004e-04	5.000000e+00	5.000041e+00
8.437385808190004e-04	5.000000e+00	5.000031e+00
8.447151433190004e-04	5.000000e+00	5.000022e+00
8.456917058190004e-04	5.000000e+00	5.000016e+00
8.466682683190004e-04	5.000000e+00	5.000012e+00
8.476448308190004e-04	5.000000e+00	5.000009e+00
8.495979558190004e-04	5.000000e+00	5.000004e+00
8.515510808190005e-04	5.000000e+00	5.000002e+00
8.532900046047435e-04	5.000000e+00	5.000001e+00
8.550289283904865e-04	5.000000e+00	5.000001e+00
8.567678521762296e-04	5.000000e+00	5.000000e+00
8.585067759619725e-04	5.000000e+00	5.000000e+00
8.602456997477155e-04	5.000000e+00	5.000000e+00
8.619846235334586e-04	5.000000e+00	5.000000e+00
8.637235473192016e-04	5.000000e+00	5.000000e+00
9.000010000000001e-04	5.000000e+00	5.000000e+00
9.000010459130629e-04	4.770435e+00	5.000000e+00
9.000010918261258e-04	4.540869e+00	5.000000e+00
9.000011377391886e-04	4.311304e+00	5.000000e+00
9.000011836522516e-04	4.081739e+00	5.000000e+00
9.000012295653144e-04	3.852173e+00	5.000000e+00
9.000012754783773e-04	3.622608e+00	5.000000e+00
9.000013213914401e-04	3.393043e+00	5.000000e+00
9.000016294125309e-04	1.852937e+00	5.000000e+00
9.000020000000001e-04	0.000000e+00	5.000000e+00
9.000453640279953e-04	0.000000e+00	4.999341e+00
9.000887280559903e-04	0.000000e+00	4.997652e+00
9.001320920839855e-04	0.000000e+00	4.994934e+00
9.001754561119807e-04	0.000000e+00	4.991186e+00
9.002188201399758e-04	0.000000e+00	4.986410e+00
9.002621841679709e-04	0.000000e+00	4.980603e+00
9.003055481959661e-04	0.000000e+00	4.973768e+00
9.006091334506789e-04	0.000000e+00	4.904458e+00
9.012163039601046e-04	0.000000e+00	4.684416e+00
9.021768780202682e-04	0.000000e+00	4.215658e+00
9.031534405202682e-04	0.000000e+00	3.661529e+00
9.041300030202682e-04	0.000000e+00	3.089154e+00
9.051065655202682e-04	0.000000e+00	2.547741e+00
9.060831280202682e-04	0.000000e+00	2.062725e+00
9.070596905202682e-04	0.000000e+00	1.644136e+00
9.080362530202682e-04	0.000000e+00	1.292733e+00
9.090128155202682e-04	0.000000e+00	1.004069e+00
9.099893780202682e-04	0.000000e+00	7.711335e-01
9.109659405202682e-04	0.000000e+00	5.859990e-01
9.119425030202682e-04	0.000000e+00	4.408036e-01
9.129190655202682e-04	0.000000e+00	3.282911e-01
9.138956280202682e-04	0.000000e+00	2.420672e-01
9.148721905202682e-04	0.000000e+00	1.766789e-01
9.158487530202682e-04	0.000000e+00	1.275907e-01
9.168253155202682e-04	0.000000e+00	9.110462e-02
9.178018780202682e-04	0.000000e+00	6.425561e-02
9.187784405202682e-04	0.000000e+00	4.469996e-02
9.197550030202682e-04	0.000000e+00	3.060864e-02
9.207315655202682e-04	0.000000e+00	2.057073e-02
9.217081280202682e-04	0.000000e+00	1.350957e-02
9.226846905202682e-04	0.000000e+00	8.611992e-03
9.236612530202682e-04	0.000000e+00	5.269973e-03
9.246378155202682e-04	0.000000e+00	3.033377e-03
9.256143780202683e-04	0.000000e+00	1.572308e-03
9.265909405202683e-04	0.000000e+00	6.292434e-04
9.273342429782991e-04	0.000000e+00	1.674526e-04
9.280129473189662e-04	0.000000e+00	-1.022931e-04
9.286923022422390e-04	0.000000e+00	-2.735971e-04
9.294676801848648e-04	0.000000e+00	-3.873308e-04
9.302609022751369e-04	0.000000e+00	-4.456436e-04
9.308022799019782e-04	0.000000e+00	-4.583861e-04
9.313877236809035e-04	0.000000e+00	-4.532547e-04
9.319808861687718e-04	0.000000e+00	-4.357627e-04
9.329009055278642e-04	0.000000e+00	-3.951826e-04
9.338474305489945e-04	0.000000e+00	-3.459406e-04
9.348239930489945e-04	0.000000e+00	-2.928708e-04
9.358005555489945e-04	0.000000e+00	-2.422291e-04
9.367771180489945e-04	0.000000e+00	-1.965783e-04
9.387302430489945e-04	0.000000e+00	-1.236681e-04
9.397068055489945e-04	0.000000e+00	-9.620927e-05
9.406833680489945e-04	0.000000e+00	-7.400095e-05
9.416599305489945e-04	0.000000e+00	-5.631524e-05
9.426364930489945e-04	0.000000e+00	-4.242059e-05
9.436130555489945e-04	0.000000e+00	-3.163638e-05
9.445896180489945e-04	0.000000e+00	-2.335959e-05
9.455661805489945e-04	0.000000e+00	-1.707394e-05
9.465427430489945e-04	0.000000e+00	-1.234865e-05
9.475193055489945e-04	0.000000e+00	-8.831635e-06
9.494724305489945e-04	0.000000e+00	-4.349587e-06
9.514255555489945e-04	0.000000e+00	-2.011956e-06
9.543552430489945e-04	0.000000e+00	-5.230762e-07
9.578959215324257e-04	0.000000e+00	-2.765195e-07
9.614366000158570e-04	0.000000e+00	-8.721063e-08
9.649772784992882e-04	0.000000e+00	4.485029e-08
9.685179569827194e-04	0.000000e+00	1.196633e-07
9.720586354661507e-04	0.000000e+00	1.372284e-07
9.755993139495819e-04	0.000000e+00	9.754556e-08
9.791399924330131e-04	0.000000e+00	6.148286e-10
9.999989999994242e-04	0.000000e+00	-1.150542e-12
1.000000000000000e-03	0.000000e+00	-1.150257e-12
